Rg: 0.171950 0.057328 0.057303 0.057319
ba: 0.005331 0.005331 0.005331 0.000000 0.000000 0.000000 
msd: 0.082339 0.082352 0.082341 0.247032 0.023136 0.023133 0.023143 0.069412 
BE: 2380374708.569829
