Rg: 0.166614 0.056766 0.054180 0.055668
ba: 0.005349 0.005315 0.005305 0.000014 0.000017 0.000012 
msd: 0.006860 0.006865 0.006893 0.020618 0.000233 0.000227 0.000244 0.000704 
BE: 237668.631308
