energy_totals[0]: 8021606400.000000
energy_totals[1]: 32086425600.000000
energy_totals[2]: 8021606400.000000
energy_totals[3]: 32086425600.000000
energy_totals[4]: 8021606400.000000
energy_totals[5]: 32086425600.000000
energy_totals[6]: 8021606400.000000
energy_totals[7]: 32086425600.000000
energy_totals[8]: 8021606400.000000
energy_totals[9]: 32086425600.000000
energy_totals[10]: 8021606400.000000
energy_totals[11]: 32086425600.000000
energy_totals[12]: 8021606400.000000
energy_totals[13]: 32086425600.000000
energy_totals[14]: 8021606400.000000
energy_totals[15]: 32086425600.000000
energy_totals[16]: 8021606400.000000
energy_totals[17]: 32086425600.000000
energy_totals[18]: 8021606400.000000
energy_totals[19]: 32086425600.000000
energy_totals[20]: 8021606400.000000
energy_totals[21]: 32086425600.000000
energy_totals[22]: 8021606400.000000
energy_totals[23]: 32086425600.000000
energy_totals[24]: 8021606400.000000
energy_totals[25]: 32086425600.000000
energy_totals[26]: 8021606400.000000
energy_totals[27]: 32086425600.000000
energy_totals[28]: 8021606400.000000
energy_totals[29]: 32086425600.000000
energy_totals[30]: 8021606400.000000
energy_totals[31]: 32086425600.000000
energy_totals[32]: 8021606400.000000
energy_totals[33]: 32086425600.000000
energy_totals[34]: 8021606400.000000
energy_totals[35]: 32086425600.000000
energy_totals[36]: 8021606400.000000
energy_totals[37]: 32086425600.000000
energy_totals[38]: 8021606400.000000
energy_totals[39]: 32086425600.000000
energy_totals[40]: 8021606400.000000
energy_totals[41]: 32086425600.000000
energy_totals[42]: 8021606400.000000
energy_totals[43]: 32086425600.000000
energy_totals[44]: 8021606400.000000
energy_totals[45]: 32086425600.000000
energy_totals[46]: 8021606400.000000
energy_totals[47]: 32086425600.000000
energy_totals[48]: 8021606400.000000
energy_totals[49]: 32086425600.000000
energy_totals[50]: 8021606400.000000
energy_totals[51]: 32086425600.000000
energy_totals[52]: 8021606400.000000
energy_totals[53]: 32086425600.000000
energy_totals[54]: 8021606400.000000
energy_totals[55]: 32086425600.000000
energy_totals[56]: 8021606400.000000
energy_totals[57]: 32086425600.000000
energy_totals[58]: 8021606400.000000
energy_totals[59]: 32086425600.000000
energy_totals[60]: 8021606400.000000
energy_totals[61]: 32086425600.000000
energy_totals[62]: 8021606400.000000
energy_totals[63]: 32086425600.000000
