Rg: 0.169810 0.056676 0.056507 0.056627
ba: 0.005327 0.005331 0.005333 0.000000 -0.000005 0.000000 
msd: 0.011300 0.011319 0.011338 0.033958 0.000583 0.000582 0.000589 0.001754 
BE: 3046502.575663
