energy_totals[0]: 1913520.000000
energy_totals[1]: 7654080.000000
energy_totals[2]: 1913520.000000
energy_totals[3]: 7654080.000000
energy_totals[4]: 1913520.000000
energy_totals[5]: 7654080.000000
energy_totals[6]: 1913520.000000
energy_totals[7]: 7654080.000000
energy_totals[8]: 1913520.000000
energy_totals[9]: 7654080.000000
energy_totals[10]: 1913520.000000
energy_totals[11]: 7654080.000000
energy_totals[12]: 1913520.000000
energy_totals[13]: 7654080.000000
energy_totals[14]: 1913520.000000
energy_totals[15]: 7654080.000000
energy_totals[16]: 1913520.000000
energy_totals[17]: 7654080.000000
energy_totals[18]: 1913520.000000
energy_totals[19]: 7654080.000000
energy_totals[20]: 1913520.000000
energy_totals[21]: 7654080.000000
energy_totals[22]: 1913520.000000
energy_totals[23]: 7654080.000000
energy_totals[24]: 1913520.000000
energy_totals[25]: 7654080.000000
energy_totals[26]: 1913520.000000
energy_totals[27]: 7654080.000000
energy_totals[28]: 1913520.000000
energy_totals[29]: 7654080.000000
